080000c2,
00000000,
401a6800,
335b000c,
20110004,
20120008,
2013000c,
137100a3,
137200b1,
137300b1,
00031840,
34630001,
23de0004,
33de003f,
20420001,
14410001,
20020005,
20110008,
20120010,
20130018,
8cd50000,
32b50018,
12a00003,
12b10006,
12b20008,
12b30009,
14610001,
00031840,
aca30000,
08000025,
8fda0020,
acba0000,
08000025,
aca20000,
08000025,
8fda0060,
acba0000,
8cd10000,
00118880,
acd10000,
20127fff,
acf20000,
00000000,
00000000,
00000000,
00000000,
00000000,
00000000,
00000000,
00000000,
00000000,
00000000,
00000000,
00000000,
00000000,
00000000,
00000000,
00000000,
00000000,
00000000,
00000000,
00000000,
00000000,
00000000,
00000000,
00000000,
00000000,
00000000,
00000000,
00000000,
00000000,
00000000,
00000000,
00000000,
00000000,
00000000,
00000000,
00000000,
00000000,
00000000,
00000000,
00000000,
00000000,
00000000,
00000000,
00000000,
00000000,
00000000,
00000000,
00000000,
00000000,
00000000,
00000000,
00000000,
00000000,
00000000,
00000000,
00000000,
00000000,
00000000,
00000000,
00000000,
00000000,
00000000,
00000000,
00000000,
00000000,
00000000,
00000000,
00000000,
00000000,
00000000,
00000000,
00000000,
00000000,
00000000,
00000000,
00000000,
00000000,
00000000,
00000000,
00000000,
00000000,
00000000,
00000000,
00000000,
00000000,
00000000,
00000000,
00000000,
00000000,
00000000,
00000000,
00000000,
00000000,
00000000,
00000000,
00000000,
00000000,
00000000,
00000000,
00000000,
00000000,
00000000,
00000000,
00000000,
00000000,
00000000,
00000000,
00000000,
00000000,
00000000,
00000000,
00000000,
00000000,
00000000,
00000000,
00000000,
00000000,
00000000,
00000000,
00000000,
00000000,
00000000,
00000000,
00000000,
00000000,
00000000,
00000000,
00000000,
42000018,
20170020,
0017b880,
00001020,
0000d820,
3c160010,
237b0001,
1776fffe,
0000d820,
8c5a00a0,
acba0000,
20420004,
1457fff9,
00001020,
0000b820,
080000bc,
080000bc,
00000000,
401a7000,
235a0004,
409a7000,
42000018,
00000000,
00000000,
00002020,
3c05e000,
3c06f000,
34c70004,
3c01ffff,
3421ffff,
20190020,
00201820,
00031840,
2008000e,
40886000,
3c087fff,
3508ffff,
20090002,
01094020,
0000000d,
200802ab,
20097fff,
acc80000,
ace00000,
8ccb0000,
000b5880,
accb0000,
ace90000,
2008000f,
40886000,
8cc80000,
00084080,
acc80000,
1459fffc,
0000000c,
00001020,
080000dc,
00000000,
00000000;